0 0.40546875 0.1421875 0.09375 0.06640625
0 0.42890625 0.20390625 0.08984375 0.04453125
0 0.4171875 0.26171875 0.03359375 0.02265625
0 0.4640625 0.2578125 0.0234375 0.02265625
0 0.4640625 0.34765625 0.04375 0.028125
0 0.4953125 0.403125 0.05 0.0375
0 0.49453125 0.3578125 0.01875 0.02265625
0 0.503125 0.46953125 0.05859375 0.0421875
0 0.525 0.61171875 0.08203125 0.05703125
0 0.521875 0.55234375 0.071875 0.0375
0 0.5375 0.6734375 0.08671875 0.05
0 0.57109375 0.95703125 0.03984375 0.02734375
0 0.5640625 0.8984375 0.096875 0.09765625