0 0.41953125 0.35625 0.0671875 0.02109375
0 0.440625 0.3015625 0.06640625 0.028125
0 0.440625 0.25546875 0.040625 0.01484375
0 0.3578125 0.49921875 0.0515625 0.0296875
0 0.33125 0.5734375 0.0625 0.03515625
0 0.31640625 0.65 0.06640625 0.0296875
0 0.37109375 0.46484375 0.06015625 0.0375
0 0.38671875 0.43359375 0.0578125 0.040625
0 0.40546875 0.37734375 0.06015625 0.0296875
0 0.48359375 0.178125 0.028125 0.0359375
0 0.2734375 0.76484375 0.06953125 0.040625
0 0.19453125 0.95859375 0.04453125 0.028125