0 0.57265625 0.06484375 0.1015625 0.05
0 0.584375 0.690625 0.09140625 0.03984375
0 0.59296875 0.6078125 0.16953125 0.03515625
0 0.5984375 0.51953125 0.12578125 0.04765625
0 0.59140625 0.45078125 0.13203125 0.06484375
0 0.5828125 0.34609375 0.12890625 0.04453125
0 0.56953125 0.29296875 0.04765625 0.03203125
0 0.56953125 0.24296875 0.115625 0.04765625
0 0.5984375 0.178125 0.0578125 0.0375
0 0.61015625 0.7328125 0.115625 0.04453125
0 0.62734375 0.90625 0.21015625 0.05234375
0 0.60703125 0.8625 0.10859375 0.04453125