0 0.57265625 0.253125 0.07265625 0.04140625
0 0.5609375 0.1828125 0.034375 0.0296875
0 0.578125 0.14140625 0.07578125 0.0296875
0 0.58359375 0.08984375 0.0453125 0.02734375
0 0.58359375 0.02421875 0.0796875 0.0296875
0 0.55390625 0.29765625 0.07578125 0.025
0 0.50234375 0.4828125 0.0484375 0.02734375
0 0.50859375 0.4296875 0.04140625 0.03671875
0 0.48828125 0.66640625 0.1109375 0.0640625
0 0.43125 0.9546875 0.13515625 0.07109375
0 0.4359375 0.87578125 0.096875 0.078125
0 0.465625 0.76171875 0.10078125 0.0390625