0 0.47421875 0.14921875 0.03203125 0.0265625
0 0.48359375 0.12578125 0.021875 0.0171875
0 0.4703125 0.1046875 0.034375 0.01875
0 0.50234375 0.23046875 0.05859375 0.05546875
0 0.51484375 0.3625 0.09296875 0.06953125
0 0.51484375 0.29609375 0.0640625 0.03515625
0 0.51796875 0.4375 0.0609375 0.0296875
0 0.53046875 0.51953125 0.07578125 0.05546875
0 0.54375 0.6625 0.09765625 0.15703125
0 0.55390625 0.80625 0.0640625 0.06484375
0 0.52890625 0.68828125 0.01953125 0.028125
0 0.52578125 0.6421875 0.0265625 0.03515625
0 0.51171875 0.12109375 0.034375 0.0203125