0 0.5734375 0.24921875 0.05859375 0.06796875
0 0.590625 0.1640625 0.040625 0.040625
0 0.61875 0.10078125 0.05546875 0.05078125
0 0.53671875 0.3484375 0.0671875 0.065625
0 0.58515625 0.32890625 0.02890625 0.03046875
0 0.57421875 0.2921875 0.04375 0.04296875
0 0.49296875 0.9046875 0.16640625 0.09609375
0 0.46796875 0.80234375 0.040625 0.0125
0 0.50625 0.7671875 0.15234375 0.06328125
0 0.5078125 0.721875 0.29609375 0.0609375
0 0.51484375 0.6625 0.1171875 0.065625
0 0.53046875 0.58515625 0.090625 0.04765625
0 0.56796875 0.48125 0.1578125 0.09609375
0 0.53828125 0.49921875 0.03515625 0.03828125
0 0.62890625 0.02421875 0.05234375 0.03828125