0 0.603125 0.67734375 0.06640625 0.03203125
0 0.58828125 0.65234375 0.02421875 0.01953125
0 0.625 0.6328125 0.03515625 0.02578125
0 0.61484375 0.5984375 0.0421875 0.02109375
0 0.59296875 0.80546875 0.02421875 0.02578125
0 0.59921875 0.771875 0.02421875 0.015625
0 0.6234375 0.53671875 0.07265625 0.05078125
0 0.6421875 0.36875 0.04453125 0.02109375
0 0.64453125 0.25390625 0.03125 0.01953125
0 0.6484375 0.25625 0.02890625 0.0171875
0 0.63515625 0.23671875 0.02421875 0.02421875
0 0.6625 0.165625 0.021875 0.0890625
0 0.6734375 0.11171875 0.04453125 0.01953125
0 0.6328125 0.50078125 0.059375 0.01796875
0 0.646875 0.33125 0.0265625 0.02421875
0 0.59375 0.98203125 0.03515625 0.0359375
0 0.59375 0.91953125 0.03984375 0.03359375