0 0.53671875 0.26953125 0.034375 0.03984375
0 0.55078125 0.23515625 0.0328125 0.03984375
0 0.5546875 0.2109375 0.01796875 0.01875
0 0.459375 0.4390625 0.05234375 0.03515625
0 0.4828125 0.39375 0.06328125 0.03046875
0 0.49765625 0.3640625 0.05078125 0.03828125
0 0.428125 0.5234375 0.0390625 0.04140625
0 0.425 0.525 0.01953125 0.04453125
0 0.3796875 0.6265625 0.04921875 0.04453125
0 0.346875 0.72421875 0.06484375 0.04921875
0 0.46171875 0.46875 0.04375 0.025
0 0.60703125 0.11015625 0.02734375 0.03828125