0 0.5625 0.4171875 0.125 0.084375
0 0.58515625 0.3328125 0.08046875 0.0578125
0 0.59609375 0.2671875 0.07578125 0.05546875
0 0.59140625 0.20859375 0.07578125 0.03125
0 0.6046875 0.16640625 0.0671875 0.03125
0 0.609375 0.13125 0.07578125 0.03125
0 0.62265625 0.0734375 0.10234375 0.021875
0 0.50234375 0.6390625 0.09375 0.03515625
0 0.5046875 0.590625 0.11640625 0.0265625
0 0.53125 0.521875 0.11640625 0.07109375
0 0.390625 0.95703125 0.1203125 0.03984375
0 0.3953125 0.909375 0.11171875 0.05546875
0 0.4375 0.8390625 0.11640625 0.06640625
0 0.46015625 0.74609375 0.10703125 0.0578125