0 0.52578125 0.33203125 0.03203125 0.03828125
0 0.565625 0.25625 0.0265625 0.04453125
0 0.5765625 0.36953125 0.053125 0.04453125
0 0.57109375 0.1125 0.0421875 0.03828125
0 0.57109375 0.075 0.03671875 0.01640625
0 0.56015625 0.04453125 0.03671875 0.0328125
0 0.53671875 0.515625 0.03671875 0.02421875
0 0.54453125 0.4765625 0.0265625 0.03046875
0 0.5421875 0.8109375 0.04765625 0.03046875
0 0.5390625 0.75625 0.03671875 0.034375
0 0.5484375 0.7140625 0.03984375 0.0265625
0 0.540625 0.68046875 0.05546875 0.0328125
0 0.5375 0.64296875 0.034375 0.03046875
0 0.53359375 0.6125 0.03671875 0.03046875
0 0.5421875 0.56171875 0.03671875 0.0265625