0 0.7484375 0.15078125 0.14296875 0.09296875
0 0.753125 0.0453125 0.14296875 0.0734375
0 0.68359375 0.3546875 0.0984375 0.03828125
0 0.709375 0.30625 0.0734375 0.03125
0 0.621875 0.5984375 0.11328125 0.05703125
0 0.621875 0.55234375 0.05390625 0.040625
0 0.64609375 0.496875 0.065625 0.040625
0 0.54140625 0.78203125 0.06015625 0.03515625
0 0.57890625 0.71328125 0.05078125 0.0296875
0 0.5140625 0.88359375 0.065625 0.040625
0 0.65234375 0.44296875 0.065625 0.02734375
0 0.70546875 0.23125 0.0359375 0.0296875