0 0.38828125 0.81796875 0.1578125 0.05546875
0 0.36640625 0.7625 0.0703125 0.04375
0 0.3625 0.56875 0.1078125 0.134375
0 0.37734375 0.69921875 0.11484375 0.06484375
0 0.3546875 0.45703125 0.1375 0.05546875
0 0.3625 0.3828125 0.1296875 0.04609375
0 0.36796875 0.3171875 0.07421875 0.01640625
0 0.3828125 0.2671875 0.0671875 0.04609375
0 0.3921875 0.2171875 0.11484375 0.053125
0 0.4015625 0.1640625 0.08203125 0.03046875
0 0.4140625 0.11171875 0.1375 0.06484375
0 0.38515625 0.98203125 0.07578125 0.01484375
0 0.3734375 0.95546875 0.06328125 0.02578125
0 0.38125 0.9046875 0.0828125 0.01953125
0 0.37421875 0.87265625 0.0828125 0.03203125
0 0.42421875 0.04296875 0.09296875 0.04296875