0 0.4859375 0.1671875 0.0453125 0.02421875
0 0.47109375 0.1453125 0.02734375 0.0140625
0 0.475 0.1234375 0.0234375 0.02109375
0 0.46640625 0.1 0.0296875 0.02265625
0 0.5 0.11328125 0.01796875 0.02109375
0 0.503125 0.21640625 0.0515625 0.01796875
0 0.54140625 0.3796875 0.10078125 0.0734375
0 0.51875 0.30546875 0.059375 0.03515625
0 0.5390625 0.45390625 0.08125 0.0328125
0 0.54609375 0.5359375 0.0828125 0.05234375
0 0.59609375 0.8328125 0.07109375 0.04765625
0 0.58828125 0.68359375 0.103125 0.16484375
0 0.57421875 0.71328125 0.015625 0.015625