0 0.39140625 0.15390625 0.06328125 0.05859375
0 0.3453125 0.53671875 0.025 0.02734375
0 0.3671875 0.503125 0.05390625 0.040625
0 0.3734375 0.4578125 0.01875 0.0203125
0 0.371875 0.42421875 0.0515625 0.0328125
0 0.3609375 0.64140625 0.05546875 0.03828125
0 0.3796875 0.5828125 0.03984375 0.04609375
0 0.353125 0.6796875 0.03671875 0.03125
0 0.38671875 0.24296875 0.05390625 0.03828125
0 0.3796875 0.38984375 0.05546875 0.02421875
0 0.36171875 0.89453125 0.034375 0.03125
0 0.35625 0.77109375 0.03046875 0.04375