0 0.6546875 0.3484375 0.05859375 0.02109375
0 0.6453125 0.33203125 0.0203125 0.01953125
0 0.6515625 0.2859375 0.04140625 0.0359375
0 0.6625 0.22421875 0.02265625 0.028125
0 0.6625 0.23046875 0.0375 0.0234375
0 0.65234375 0.1921875 0.0171875 0.03046875
0 0.60234375 0.64375 0.0703125 0.0515625
0 0.60703125 0.5890625 0.0671875 0.03828125
0 0.615625 0.54375 0.05859375 0.034375
0 0.6265625 0.49765625 0.0546875 0.03359375
0 0.6171875 0.4640625 0.015625 0.02578125
0 0.63203125 0.43828125 0.02578125 0.015625
0 0.6484375 0.4296875 0.02421875 0.0171875
0 0.60859375 0.64375 0.015625 0.015625
0 0.59765625 0.73515625 0.08046875 0.0828125
0 0.58203125 0.82890625 0.0921875 0.0859375
0 0.57578125 0.765625 0.02578125 0.02734375
0 0.5484375 0.91875 0.03046875 0.01875
0 0.65546875 0.1375 0.021875 0.040625
0 0.68125 0.15859375 0.0140625 0.021875
0 0.67578125 0.0703125 0.03046875 0.03828125