0 0.5421875 0.31328125 0.1078125 0.0578125
0 0.53515625 0.25078125 0.11171875 0.0515625
0 0.55859375 0.17734375 0.08359375 0.0625
0 0.5703125 0.06953125 0.1625 0.084375
0 0.50703125 0.36640625 0.12109375 0.04375
0 0.459375 0.4890625 0.0875 0.04609375
0 0.46796875 0.45078125 0.0640625 0.03046875
0 0.42421875 0.6453125 0.13359375 0.07421875
0 0.45078125 0.56484375 0.06953125 0.02890625
0 0.44296875 0.53046875 0.04921875 0.0234375
0 0.39375 0.76875 0.13671875 0.0359375
0 0.375 0.86015625 0.0875 0.06953125
0 0.36484375 0.94609375 0.09609375 0.0625
0 0.4 0.72421875 0.1015625 0.03203125