0 0.5265625 0.34453125 0.053125 0.02109375
0 0.54140625 0.290625 0.053125 0.028125
0 0.5046875 0.42578125 0.053125 0.0328125
0 0.478125 0.5046875 0.01953125 0.02421875
0 0.5546875 0.25703125 0.04140625 0.02578125
0 0.5453125 0.2296875 0.0265625 0.01796875
0 0.5875 0.1078125 0.05078125 0.025
0 0.59765625 0.075 0.0375 0.01875
0 0.59453125 0.08515625 0.01640625 0.009375
0 0.60703125 0.053125 0.04375 0.01796875
0 0.60703125 0.05078125 0.040625 0.0171875
0 0.61484375 0.03203125 0.0671875 0.02109375
0 0.5609375 0.20078125 0.0421875 0.01953125
0 0.56796875 0.175 0.0515625 0.0203125
0 0.5859375 0.14296875 0.02109375 0.01484375