0 0.45859375 0.15546875 0.08515625 0.08359375
0 0.48125 0.221875 0.05625 0.0515625
0 0.4953125 0.28203125 0.02890625 0.02890625
0 0.55625 0.378125 0.046875 0.02109375
0 0.5171875 0.278125 0.0125 0.01640625
0 0.58828125 0.44296875 0.06171875 0.046875
0 0.6203125 0.55 0.0703125 0.02109375
0 0.61484375 0.5078125 0.07265625 0.03828125
0 0.64375 0.59921875 0.0671875 0.04453125
0 0.678125 0.72578125 0.0703125 0.0578125
0 0.66640625 0.6796875 0.06328125 0.03125
0 0.659375 0.64296875 0.065625 0.02578125
0 0.71171875 0.953125 0.0546875 0.09375